 10 59 51.05,+10 09 05.7,-0.00019
 16 08 51.52,+47 03 52.5, 0.00002
 21 23 59.11,+01 28 45.1, 0.00060
 08 38 19.73,+07 51 50.4,-0.00017
 13 02 28.87,+15 32 57.1, 0.00033
 07 28 03.25,+40 11 56.2, 0.00076
 13 09 13.28,+39 17 51.0,-0.00070
 11 37 44.84,+49 19 03.8, 0.00048
 09 35 50.54,+15 35 13.1,-0.00040
 08 00 14.76,+52 36 41.4,-0.00034
 08 40 23.97,+07 58 44.8,-0.00015
 10 55 39.75,+15 50 50.4, 0.00039
 14 54 35.18,+10 41 00.1,-0.00066
 15 02 08.64,+31 50 01.3, 0.00005
 11 54 37.53,+15 53 30.5, 0.00001
 12 34 11.50,+29 24 50.3, 0.00067
 15 02 59.87,+31 50 11.1, 0.00074
 13 59 08.13,+62 39 34.0, 0.00034
 12 13 50.79,+44 28 25.3,-0.00029
 11 04 53.14,+36 08 56.9,-0.00030
 13 51 10.63,+39 16 34.1, 0.00184
 21 24 50.28,+02 01 57.1, 0.00001
 10 58 14.04,+11 09 03.8,-0.00011
 15 10 22.71,+29 48 57.1,-0.00025
 11 03 57.71,+04 18 08.3, 0.00010
 08 02 44.40,+22 58 45.3, 0.00000
 13 52 35.09,-02 12 40.2,-0.00110
 09 27 59.79,+16 43 21.8, 0.00033
 10 58 24.77,+10 47 52.9,-0.00036
 11 24 14.35,+65 34 41.4, 0.00044
 08 59 49.02,+08 23 21.4,-0.00026
 11 55 36.72,+36 58 08.9, 0.00022
 16 58 12.11,+35 10 10.8,-0.00049
 11 47 08.76,+14 58 48.9, 0.00095
 14 06 09.58,-02 00 58.4,-0.00065
 08 19 09.53,+26 03 47.1, 0.00006
 15 12 34.10,+40 57 48.5,-0.00027
 08 10 11.17,+21 19 25.7,-0.00069
 00 06 29.29,-08 35 50.9,-0.00006
 10 51 53.77,+57 50 05.6, 0.00016
 16 58 16.47,+35 28 09.9, 0.00049
 11 45 21.96,+15 33 14.1,-0.00050
 12 46 29.75,+44 01 56.0, 0.00062
 08 10 01.60,+21 31 12.8, 0.00037
 08 17 04.41,+25 42 27.3,-0.00027
 08 02 30.02,+22 58 22.8, 0.00053
 13 50 38.12,-02 15 43.4,-0.00099
 00 06 02.21,+26 52 31.4, 0.00018
 12 13 31.52,+49 09 29.1,-0.00069
 12 41 24.01,+34 49 19.8, 0.00183
 12 41 08.64,+34 45 34.5, 0.00043
 08 58 41.37,+29 20 34.2,-0.00009
 12 14 08.54,+42 45 47.3,-0.00039
 12 37 20.08,+29 25 03.3, 0.00040
 11 52 43.18,+39 24 50.4, 0.00013
 22 25 00.89,-08 25 25.7, 0.00009
 11 43 05.93,+50 35 42.7, 0.00009
 09 36 05.81,+16 58 53.1,-0.00012
 15 10 05.57,+31 20 45.7, 0.00019
 11 50 01.60,+37 05 03.1,-0.00024
 14 59 23.21,+10 04 08.3,-0.00080
 10 59 36.83,+31 45 23.3, 0.00022
 08 06 24.55,+24 01 39.9, 0.00070
 13 45 45.98,+40 02 14.4,-0.00026
 21 19 52.27,+12 54 42.6,-0.00005
 10 51 58.53,+60 06 52.1,-0.00007
 10 15 36.14,+19 22 25.3, 0.00052
 08 18 08.85,+10 02 51.1, 0.00113
 22 23 42.09,-08 29 03.6, 0.00036
 08 35 32.11,+11 00 23.5, 0.00019
 00 11 57.76,-09 37 35.2, 0.00073
 00 24 39.64,-08 16 00.7, 0.00042
 15 12 36.34,+30 13 26.4, 0.00024
 12 02 22.15,+15 35 59.2, 0.00026
 09 21 57.60,+28 51 01.0,-0.00033
 14 10 38.33,+01 17 23.8,-0.00051
 21 30 58.25,+02 12 15.1,-0.00029
 15 12 58.43,+30 51 50.5,-0.00086
 00 36 11.26,-09 37 37.5,-0.00074
 12 26 04.91,+38 52 28.0,-0.00012
 13 56 59.60,+39 33 35.3, 0.00026
 08 11 57.98,+23 45 12.1,-0.00066
 15 33 37.07,+02 46 22.6,-0.00092
 12 33 15.73,+35 47 07.0, 0.00014
 11 51 42.72,+69 20 22.4, 0.00007
 11 01 04.03,+32 02 39.1,-0.00002
 14 56 28.41,+11 02 36.2,-0.00005
 11 57 13.24,+16 50 29.7,-0.00062
 15 28 41.00,+38 53 31.4, 0.00037
 15 15 30.07,+30 35 59.6,-0.00058
 08 21 25.11,+18 24 59.6, 0.00115
 15 37 47.34,+03 12 16.3,-0.00027
 15 25 39.40,+40 45 35.8,-0.00048
 08 02 02.79,+55 29 28.7,-0.00041
 11 50 23.84,+60 48 33.4,-0.00039
 15 36 18.34,+02 54 50.5, 0.00061
 08 00 58.76,+55 51 51.9,-0.00077
 11 57 57.24,+51 54 42.5,-0.00122
 09 11 52.48,+09 48 14.7, 0.00062
 21 31 38.07,+00 34 22.2,-0.00006
 00 12 29.72,+01 00 37.9,-0.00100
 00 29 21.48,-10 05 51.9, 0.00141
 23 43 48.34,+01 02 02.8,-0.00002
 15 01 23.48,+11 25 14.5, 0.00001
 08 31 35.62,+11 13 58.0,-0.00060
 22 12 27.74,+01 51 40.6, 0.00023
 12 24 47.37,+35 51 38.5,-0.00046
 15 33 57.75,+38 38 08.1,-0.00050
 11 10 03.86,+14 56 10.4,-0.00063
 15 03 14.58,+00 50 54.0, 0.00003
 12 34 35.32,+39 39 15.0,-0.00019
 15 14 27.13,+31 03 26.3,-0.00023
 15 23 03.36,+29 14 59.3,-0.00012
 11 07 33.57,+15 01 53.3,-0.00045
 00 41 16.91,-10 01 00.1,-0.00039
 08 58 44.34,+41 27 29.8,-0.00036
 09 11 35.67,+09 48 33.9, 0.00043
 09 14 05.83,+09 19 44.5, 0.00213
 15 40 21.17,+03 07 50.4,-0.00017
 15 00 02.48,+11 56 10.8,-0.00039
 08 51 04.37,+09 13 59.4, 0.00019
 15 41 24.86,+03 05 40.4, 0.00138
 12 21 10.95,+07 05 13.7, 0.00064
 00 40 32.18,-09 57 44.0, 0.00032
 13 13 34.14,+27 08 11.1,-0.00056
 23 56 22.43,+00 36 04.2,-0.00146
 07 46 18.69,+24 06 23.1,-0.00050
 12 15 58.80,+58 15 55.4, 0.00006
 09 39 15.91,+15 31 24.0,-0.00054
 15 44 24.41,+03 17 26.6, 0.00591
 12 24 06.69,+07 03 56.5,-0.00042
 08 59 33.78,+13 16 33.4, 0.00012
 08 58 33.17,+09 15 32.4, 0.00069
 12 14 20.28,+49 47 43.6,-0.00008
 15 48 54.79,+13 11 19.9, 0.00020
 14 59 01.28,+01 21 23.8, 0.00030
 14 45 40.13,+12 35 21.1,-0.00077
 13 25 53.44,+13 44 05.3, 0.00050
 08 18 34.19,+18 55 07.6, 0.00011
 12 18 47.10,+68 28 08.7,-0.00072
 09 12 02.71,+29 31 39.4, 0.00005
 22 30 36.63,-08 43 00.8, 0.00062
 11 57 44.87,+66 45 44.0,-0.00031
 08 52 27.10,+01 38 07.3,-0.00065
 13 28 50.16,+34 47 24.4, 0.00030
 09 49 35.55,+09 32 54.9,-0.00037
 14 33 46.24,+11 16 18.2,-0.00011
 15 30 01.68,+55 04 52.4,-0.00001
 09 12 48.15,+09 52 25.4,-0.00026
 08 15 07.79,+24 43 11.9,-0.00007
 13 27 09.19,+35 19 57.6,-0.00017
 09 41 38.75,+28 44 58.9,-0.00036
 09 20 24.66,+02 19 56.3,-0.00048
 08 50 42.49,+03 06 59.1,-0.00037
 15 15 15.48,+01 45 29.5, 0.00012
 12 24 58.09,+07 06 33.1, 0.00012
 15 36 58.76,+56 00 40.3,-0.00059
 12 18 45.35,+59 59 28.4,-0.00015
 15 47 48.19,+13 57 17.2, 0.00026
 14 58 23.45,+12 32 32.3, 0.00021
 08 58 48.05,+09 03 27.9, 0.00002
 12 12 55.01,+51 51 23.7,-0.00031
 12 45 04.06,+36 22 03.7, 0.00085
 12 28 57.76,+47 10 25.0, 0.00020
 09 56 50.69,+46 59 20.6, 0.00042
 12 05 36.62,+19 13 57.6,-0.00037
 15 00 46.93,+01 04 27.4, 0.00030
 08 56 55.75,+12 58 02.0,-0.00000
 10 20 18.94,+18 28 30.8,-0.00016
 00 34 14.20,-08 27 38.7,-0.00008
 08 59 39.69,+02 01 04.3,-0.00051
 15 27 47.62,+29 30 42.2,-0.00001
 09 34 17.27,+28 41 03.0,-0.00029
 15 26 34.43,+27 59 38.2, 0.00041
 00 49 24.27,-08 47 33.2, 0.00042
 08 20 03.40,+16 59 32.8, 0.00125
 12 19 29.82,+61 33 46.4,-0.00020
 09 06 35.25,+09 09 27.4,-0.00002
 08 54 53.97,+01 34 23.9, 0.00001
 15 57 45.39,+04 57 29.1, 0.01221
 12 38 00.52,+59 53 24.2, 0.00098
 11 33 45.63,+01 58 13.5, 0.00229
 15 40 52.44,+56 11 04.7, 0.00070
 09 08 04.86,+12 14 56.3, 0.00057
 15 04 24.98,+11 29 39.2, 0.00041
 08 08 20.74,+07 04 33.9, 0.00050
 10 59 59.85,+63 49 29.6,-0.00077
 12 22 23.54,+51 31 15.5, 0.00002
 08 58 18.80,+02 51 00.7, 0.00026
 12 25 37.31,+65 12 08.7, 0.00076
 12 35 47.37,+61 49 52.3,-0.00042
 12 45 39.14,+37 33 01.2, 0.00075
 08 49 01.65,+59 50 28.2,-0.00019
 08 22 18.07,+17 58 23.5,-0.00045
 13 30 14.11,+35 46 21.4, 0.00071
 15 27 01.00,+27 42 13.0,-0.00079
 08 12 31.68,+07 21 45.1, 0.00025
 09 45 35.51,+01 08 42.5,-0.00058
 11 17 19.51,+47 20 08.4,-0.00048
 14 35 35.74,+13 06 28.4,-0.00015
 12 16 58.89,+19 11 08.1, 0.00014
 08 29 10.25,+48 05 16.4,-0.00012
 15 41 17.39,+55 52 39.3,-0.00006
 09 40 31.59,+30 12 27.2, 0.00073
 12 17 40.44,+58 44 49.7,-0.00001
 00 43 24.47,-09 39 22.3,-0.00008
 12 15 25.98,+17 34 12.7, 0.00009
 15 55 30.61,+11 01 33.4,-0.00051
 14 36 28.46,+00 21 19.8,-0.00020
 10 58 25.15,+61 26 20.0, 0.00014
 13 33 08.51,+13 21 01.9, 0.00068
 07 43 51.96,+34 49 57.5,-0.00007
 12 40 32.97,+68 48 10.8,-0.00050
 15 47 13.65,+11 31 44.4, 0.00060
 11 06 16.41,+60 20 23.6,-0.00038
 13 37 09.35,+12 40 12.2, 0.00020
 11 13 19.94,+02 05 08.9, 0.00061
 07 48 34.09,+36 44 34.1,-0.00007
 12 46 15.77,+68 30 32.7,-0.00024
 10 44 23.02,+65 03 59.4,-0.00009
 13 53 29.70,+04 12 49.5, 0.00510
 08 34 01.71,+17 23 58.6,-0.00098
 11 23 28.99,+35 20 51.8,-0.00035
 11 06 49.16,+16 12 16.5,-0.00104
 00 48 11.17,-08 07 05.4, 0.00062
 10 56 25.15,+22 35 10.2,-0.00019
 11 22 31.71,+61 56 10.2, 0.00020
 08 20 37.93,+16 02 35.5,-0.00049
 08 11 14.88,+07 06 31.7, 0.00015
 11 16 25.11,+59 06 57.9, 0.00023
 14 19 15.99,+17 35 04.6, 0.00003
 13 14 50.45,+35 31 11.8, 0.00014
 12 17 05.05,+17 24 30.1,-0.00076
 15 59 57.81,+16 01 33.5,-0.00004
 14 00 08.60,+02 54 35.5,-0.00004
 12 42 34.51,+60 41 45.4, 0.00024
 11 37 23.75,+59 31 50.5,-0.00030
 09 32 42.69,+29 54 52.4,-0.00050
 13 20 33.74,+37 16 04.1,-0.00109
 09 31 29.93,+50 02 40.8, 0.00042
 15 12 26.01,+11 27 26.6,-0.00053
 11 08 03.07,+53 03 15.1,-0.00069
 16 07 12.15,+13 42 01.3,-0.00021
 10 52 32.30,+29 55 45.2, 0.00082
 14 26 30.23,+26 27 43.3,-0.00025
 15 44 03.40,+27 45 44.9, 0.00070
 11 36 03.83,+59 59 08.1,-0.00015
 08 16 25.40,+07 45 35.1, 0.00005
 13 38 44.92,+00 38 12.7, 0.00020
 11 07 39.52,+16 17 10.3,-0.00048
 08 25 37.26,+18 37 19.8, 0.00102
 16 35 51.84,+18 19 49.8,-0.00031
 12 51 39.34,+61 59 27.5,-0.00015
 09 32 17.17,+29 58 44.9, 0.00066
 12 35 30.55,+53 28 27.7,-0.00009
 13 21 44.96,+37 09 04.6,-0.00000
 09 24 11.82,+10 31 53.2,-0.00050
 00 34 51.86,-00 11 25.7,-0.00025
 08 17 02.52,+15 42 11.4,-0.00002
 16 02 05.87,+12 50 28.4,-0.00001
 12 47 15.39,+69 19 23.9, 0.00061
 14 22 05.10,+00 58 39.2,-0.00055
 08 02 33.78,+15 13 08.4, 0.00020
 11 35 43.23,+60 22 41.8,-0.00015
 13 59 06.63,+03 16 56.3,-0.00081
 11 29 39.85,+61 07 28.9, 0.00027
 14 51 50.52,+12 37 56.8, 0.00036
 09 26 56.58,+50 56 45.3,-0.00022
 14 00 08.04,+04 13 13.7,-0.00022
 17 15 16.69,+35 26 43.2, 0.00024
 09 35 26.50,+12 21 44.4, 0.00073
 14 06 42.65,+00 19 50.2,-0.00030
 16 07 14.12,+16 01 46.9, 0.00047
 15 11 33.07,+52 35 00.0, 0.00036
 12 39 14.04,+47 37 15.9,-0.00002
 08 37 21.02,+16 43 09.2,-0.00019
 13 48 14.11,+13 18 11.5,-0.00072
 16 17 05.70,+45 35 22.5, 0.00068
 09 13 34.78,+12 01 44.2, 0.00013
 09 21 38.40,+08 57 15.3, 0.00004
 08 54 22.94,+50 40 42.1,-0.00098
 09 25 05.46,+08 51 09.0,-0.00014
 16 24 46.23,+19 54 03.3,-0.00080
 16 31 45.17,+12 56 03.3, 0.00068
 16 01 34.18,+11 41 06.6, 0.00002
 14 51 15.25,+06 29 35.2, 0.00020
 17 17 06.73,+35 15 59.8, 0.00044
 13 54 38.07,+66 59 06.4,-0.00047
 13 47 00.26,+32 19 29.4,-0.00013
 09 47 12.58,+31 45 03.5, 0.00001
 09 28 47.02,+10 00 12.6, 0.00005
 13 49 34.53,+65 51 13.9,-0.00045
 14 08 37.33,+03 07 58.4, 0.00028
 13 44 37.12,+32 40 06.1, 0.00088
 07 37 33.02,+40 20 37.4, 0.00126
 08 35 30.89,+06 42 40.7,-0.00006
 08 35 54.39,+16 33 19.7,-0.00019
 12 01 23.24,+59 07 19.9, 0.00040
 09 15 55.19,+12 20 47.9, 0.00095
 09 40 47.83,-00 13 57.8,-0.00028
 11 10 15.30,+54 03 31.3,-0.00031
 09 47 45.85,+12 13 54.1, 0.00002
 15 04 31.91,+44 04 21.1,-0.00027
 08 58 54.85,+52 35 47.8,-0.00040
 16 04 21.17,+10 24 49.5,-0.00055
 13 43 45.33,+33 43 21.4, 0.00017
 16 24 42.21,+63 59 31.7,-0.00051
 15 13 49.55,+05 50 07.7,-0.00015
 11 14 43.21,+14 11 18.8,-0.00029
 12 22 58.23,+18 56 45.0,-0.00049
 08 00 44.73,+16 28 52.2, 0.00117
 12 52 06.96,+28 27 17.4,-0.00040
 14 09 19.40,+03 56 16.2, 0.00041
 08 12 49.64,+16 50 08.5,-0.00021
 15 51 54.13,+37 45 57.8,-0.00073
 13 44 59.12,+33 47 04.6,-0.00005
 09 42 34.36,+12 48 37.2, 0.00027
 17 21 32.53,+31 27 16.6,-0.00079
 09 00 33.74,+53 17 28.8,-0.00022
 15 06 08.65,+42 57 22.6,-0.00004
 16 38 10.08,+12 51 03.9,-0.00054
 12 25 52.04,+18 35 16.2,-0.00015
 13 34 42.06,+67 40 57.7,-0.00017
 12 16 28.07,+10 51 33.3,-0.00005
 12 24 18.98,+18 33 16.0,-0.00002
 10 17 54.13,+18 57 06.3,-0.00020
 13 46 58.14,+33 17 32.3, 0.00125
 10 57 47.69,+38 23 57.5,-0.00010
 08 38 20.62,+61 59 34.5,-0.00028
 15 07 38.74,+42 55 30.6,-0.00020
 14 28 44.49,+16 43 07.9, 0.00020
 09 26 22.62,+27 00 28.7, 0.00037
 13 08 35.98,+43 53 38.1, 0.00009
 12 30 56.65,+17 54 38.2, 0.00031
 16 18 01.99,+45 12 19.2, 0.00050
 16 04 02.43,+14 42 36.5, 0.00044
 10 01 11.79,+28 08 32.5, 0.00020
 16 34 16.47,+15 59 51.2,-0.00012
 09 48 00.26,+13 36 14.9, 0.00046
 08 05 01.99,+17 19 11.6,-0.00029
 17 18 04.43,+33 12 46.9, 0.00021
 15 24 36.72,+51 49 45.5, 0.00035
 09 17 38.70,+03 15 49.1,-0.00035
 13 50 42.70,+33 16 16.4, 0.00030
 08 43 58.40,+61 21 55.0,-0.00015
 12 47 39.91,+30 45 05.8,-0.00016
 13 52 29.34,+13 20 54.9,-0.00038
 09 45 38.08,+03 30 51.9, 0.00051
 16 20 01.58,+10 09 42.0, 0.00037
 09 29 06.10,+11 03 00.8, 0.00023
 08 55 47.37,+27 43 15.4,-0.00005
 10 02 01.51,+03 03 29.5,-0.00003
 14 20 47.87,+02 49 05.5, 0.00021
 09 49 31.22,+02 40 16.3, 0.00074
 10 42 21.23,+33 30 09.1,-0.00013
 15 53 37.94,+37 32 04.7,-0.00012
 09 19 02.05,+02 53 27.8,-0.00032
 09 31 02.37,+09 59 49.1, 0.00033
 14 33 50.99,-01 18 06.1,-0.00109
 11 12 05.84,+24 11 35.5,-0.00017
 13 08 23.08,+43 40 08.8, 0.00020
 08 23 11.10,+06 56 43.6,-0.00068
 17 13 30.67,+33 53 45.4,-0.00026
 08 21 21.46,+15 32 41.4, 0.00077
 09 33 41.82,+11 22 18.9,-0.00090
 08 21 17.41,+06 45 36.5,-0.00107
 14 31 34.48,-00 21 27.8, 0.00007
 09 47 33.57,+52 14 53.5, 0.00023
 08 53 21.89,+62 05 29.6,-0.00012
 10 20 18.18,+25 32 44.6, 0.00063
 09 40 51.48,+51 09 18.8,-0.00036
 12 24 19.65,+18 37 24.9,-0.00034
 14 16 15.72,+37 55 37.3, 0.00029
 09 19 53.52,+02 59 48.3,-0.00091
 12 49 12.42,+29 48 21.7, 0.00023
 12 49 16.64,+29 31 29.7,-0.00029
 14 07 37.26,+12 15 58.7,-0.00025
 09 51 59.79,+52 39 38.4, 0.00001
 09 50 17.14,+13 02 26.2, 0.00079
 16 25 49.00,+13 36 13.6, 0.00020
 09 39 45.62,+52 13 27.2,-0.00012
 10 03 33.57,+03 45 30.5, 0.00023
 12 24 12.51,+11 01 41.7,-0.00011
 14 18 45.18,+04 03 55.0,-0.00000
 09 01 10.11,+28 16 57.7, 0.00070
 08 16 53.90,+07 43 07.1, 0.00062
 09 06 53.37,+08 04 12.1,-0.00048
 08 23 05.95,+07 49 30.5, 0.00007
 12 31 53.12,+48 43 59.6,-0.00043
 13 27 36.60,+60 39 26.1, 0.00020
 09 31 15.80,+63 22 53.2, 0.00036
 08 40 57.03,+06 47 33.4,-0.00009
 09 37 56.54,+10 22 16.1,-0.00028
 10 02 51.63,+03 29 05.4, 0.00000
 12 46 21.16,+31 26 12.8,-0.00005
 14 24 40.02,+65 55 59.1,-0.00027
 09 53 09.05,+53 30 29.7, 0.00023
 16 18 44.35,+14 02 03.8, 0.00039
 09 26 53.08,+00 51 27.5, 0.00002
 11 19 46.94,+14 37 59.2,-0.00049
 09 32 18.02,+19 32 57.6, 0.00064
 16 24 57.01,+13 52 21.0, 0.00023
 13 10 39.46,+34 23 13.9, 0.00024
 16 11 41.44,+45 37 07.3, 0.00002
 13 46 43.72,+30 56 57.1, 0.00019
 09 28 01.28,+32 18 46.2,-0.00038
 17 19 13.82,+28 56 56.7, 0.00015
 11 35 55.66,+53 38 09.4,-0.00044
 13 24 24.32,+32 44 09.9, 0.00054
 10 40 11.98,+32 43 47.4,-0.00002
 14 26 20.31,+36 17 12.2, 0.00023
 08 23 58.37,+10 21 39.8, 0.00002
 09 58 20.51,+08 34 36.1,-0.00031
 12 31 47.28,+11 17 05.4,-0.00017
 09 59 25.55,+02 15 32.7,-0.00061
 10 21 58.37,+18 43 44.6,-0.00057
 09 26 23.03,+31 39 03.0, 0.00043
 13 38 08.74,+31 41 13.7, 0.00005
 15 16 52.69,+00 01 25.1, 0.00002
 13 13 52.76,+29 22 40.0, 0.00037
 11 37 01.13,+55 50 37.9, 0.00024
 09 50 56.01,+08 06 33.6,-0.00010
 13 14 26.45,+02 05 45.2,-0.00128
 11 22 37.00,+15 50 24.9,-0.00051
 11 23 05.53,+14 30 32.3,-0.00029
 10 07 28.70,+54 43 26.6,-0.00006
 09 00 52.56,+27 47 21.8, 0.00088
 14 35 58.57,+26 27 07.9, 0.00020
 13 07 31.00,+28 08 59.5,-0.00035
 14 32 03.95,-00 56 02.9, 0.00017
 09 41 08.90,+66 01 12.4,-0.00126
 11 24 48.01,+16 05 22.6,-0.00000
 09 39 37.60,+35 16 56.0, 0.00123
 12 37 20.58,+19 55 33.6, 0.00010
 15 16 52.42,+12 40 25.5,-0.00121
 11 07 47.04,+64 16 07.1,-0.00016
 10 46 39.35,+17 58 18.6, 0.00037
 16 07 53.09,+33 31 05.5, 0.00059
 11 21 06.07,+14 38 24.9,-0.00041
 10 38 08.93,+47 42 49.2, 0.00071
 10 59 02.09,+23 06 11.4, 0.00006
 10 03 14.54,+09 04 33.4,-0.00017
 10 48 21.13,+33 29 24.8, 0.00072
 16 15 47.92,+23 10 56.0,-0.00010
 09 48 53.60,+09 55 14.4, 0.00028
 09 36 58.28,+20 21 39.1,-0.00001
 12 05 20.47,+32 44 33.6, 0.00062
 07 54 39.34,+33 18 51.9, 0.00073
 10 32 05.50,+19 03 37.0,-0.00025
 09 27 55.30,+28 58 19.8, 0.00019
 08 24 13.32,+29 45 20.2,-0.00013
 10 59 22.71,+23 11 13.3,-0.00004
 10 15 15.17,+27 13 01.8, 0.00041
 09 41 32.60,+35 41 18.2,-0.00069
 09 39 18.08,+36 56 15.0, 0.00040
 09 42 54.08,+08 39 56.3, 0.00046
 16 07 23.22,+33 58 35.0, 0.00070
 10 44 16.29,+17 08 07.1, 0.00030
 11 22 50.95,+15 37 32.5,-0.00046
 08 06 53.19,+35 08 25.4,-0.00021
 07 50 54.64,+43 52 19.3, 0.00021
 11 50 23.02,+39 51 23.7, 0.00070
 10 39 34.13,+40 52 57.9,-0.00011
 15 38 59.46,+06 37 05.3,-0.00038
 16 26 20.40,+21 43 13.6, 0.00026
 14 05 55.05,+60 12 27.6, 0.00028
 12 58 49.49,+47 52 58.2,-0.00014
 09 59 45.28,+24 10 20.1,-0.00015
 08 47 04.85,+22 36 33.0, 0.00098
 07 33 46.06,+43 18 48.4,-0.00029
 15 14 00.60,+09 20 30.2, 0.00008
 07 27 22.24,+42 01 59.5, 0.00012
 09 44 59.25,+10 30 47.3,-0.00073
 13 17 16.57,+48 06 39.1,-0.00009
 08 03 54.64,+35 07 18.4, 0.00030
 08 25 58.82,+31 15 04.6,-0.00058
 07 58 16.62,+35 22 56.1, 0.00028
 12 41 29.26,+19 36 50.2,-0.00062
 14 56 45.53,+12 01 42.7,-0.00001
 10 35 52.04,+48 47 55.8, 0.00011
 15 22 44.72,+12 24 26.6,-0.00038
 16 12 52.81,+34 00 57.9,-0.00078
 09 08 40.64,+09 45 39.7, 0.00130
 10 52 01.36,+45 14 19.8, 0.00008
 13 58 31.64,+61 29 44.6, 0.00007
 12 42 07.32,+21 34 18.9,-0.00063
 13 58 41.43,+02 43 16.5, 0.00020
 15 09 35.97,+58 43 00.5, 0.00042
 13 56 05.42,-00 00 24.4,-0.00021
 12 56 58.89,+47 36 16.8, 0.00035
 08 43 51.35,+22 19 12.5,-0.00000
 09 09 12.16,+09 35 41.1, 0.00096
 15 25 52.41,+12 17 06.8,-0.00061
 10 32 08.58,+09 22 31.2,-0.00004
 07 24 11.82,+42 31 21.1, 0.00007
 12 55 30.26,+48 38 22.8,-0.00065
 10 36 41.96,+26 02 36.4,-0.00058
 09 50 37.74,+37 11 45.5,-0.00010
 08 56 19.16,+18 47 53.1, 0.00019
 12 01 51.28,+39 46 03.9,-0.00033
 15 01 56.47,-01 10 34.1,-0.00083
 11 43 11.24,+00 38 27.0,-0.00078
 09 52 26.58,+37 06 05.7, 0.00085
 14 29 54.49,+01 23 27.6, 0.00032
 16 17 32.43,+33 11 46.5,-0.00065
 09 15 12.54,+31 50 14.9, 0.00025
 10 31 43.14,+09 03 57.6,-0.00017
 14 16 12.84,+12 45 20.9, 0.00001
 14 11 53.86,+59 22 27.2, 0.00005
 10 06 23.58,+01 41 41.1, 0.00040
 10 55 11.03,+41 23 38.0,-0.00036
 10 26 32.00,+26 08 30.2, 0.00083
 11 36 16.57,+00 33 17.2, 0.00018
 13 32 07.35,+27 39 06.5,-0.00053
 13 48 45.70,+34 41 03.8,-0.00051
 10 30 38.38,+09 53 24.9,-0.00081
 10 46 57.33,+17 38 55.8, 0.00035
 08 52 57.62,+19 11 05.8,-0.00030
 09 43 40.18,+40 40 59.5,-0.00099
 13 05 31.83,+42 14 58.3,-0.00037
 10 38 23.01,+09 20 57.5,-0.00047
 14 31 24.04,+01 23 02.8,-0.00087
 10 04 01.27,+43 31 23.2,-0.00004
 13 02 31.05,+41 04 11.4,-0.00046
 11 33 24.91,+14 56 54.5,-0.00018
 13 50 29.77,+34 59 00.6,-0.00013
 09 38 33.16,+14 47 01.1, 0.00040
 14 59 04.00,+11 38 05.7,-0.00044
 09 54 55.00,+38 34 20.0, 0.00027
 16 16 58.79,+14 25 32.2,-0.00016
 10 35 52.91,+19 22 52.1,-0.00005
 13 46 30.39,+35 07 21.0, 0.00018
 09 34 00.48,+39 38 27.5,-0.00023
 12 54 29.06,+24 18 32.7,-0.00002
 14 14 30.17,+61 22 50.7, 0.00088
 10 49 08.78,+55 25 26.8,-0.00062
 10 54 51.14,+41 12 44.6,-0.00030
 16 34 41.19,+23 25 57.2,-0.00033
 13 24 40.24,+28 49 43.7,-0.00019
 12 51 29.71,+18 39 07.1,-0.00009
 16 18 56.14,+20 02 19.5,-0.00023
 11 02 21.60,+65 39 18.0, 0.00028
 13 30 46.74,+61 17 08.0, 0.00003
 11 23 04.96,+38 31 47.1,-0.00046
 10 35 23.85,+09 52 55.8,-0.00010
 10 54 33.94,+42 00 28.1,-0.00091
 11 28 52.63,+16 22 47.6, 0.00046
 15 21 42.96,+56 06 29.9,-0.00080
 10 54 33.97,+18 27 10.4,-0.00089
 10 21 03.22,+14 08 34.3,-0.00015
 08 57 26.79,+19 55 24.3, 0.00005
 13 28 49.91,+36 47 36.9,-0.00015
 08 43 52.38,+17 25 16.7, 0.00139
 11 25 38.24,+39 13 43.9,-0.00009
 03 53 21.41,+00 26 26.0, 0.00056
 15 10 30.96,-00 18 23.2, 0.00001
 07 43 16.19,+32 31 26.7,-0.00114
 15 04 04.12,+09 56 07.3, 0.00015
 10 45 47.58,+56 18 53.9,-0.00003
 11 29 39.09,+16 34 14.1, 0.00050
 03 33 20.91,-05 12 16.8, 0.00039
 09 51 21.10,+11 52 36.9, 0.00025
 08 16 33.98,+07 40 32.9,-0.00040
 07 44 14.41,+33 56 15.1,-0.00019
 09 46 01.93,+42 24 10.8,-0.00054
 09 01 42.28,+59 39 27.3,-0.00047
 13 57 17.04,+01 07 35.0, 0.00005
 15 27 16.64,+57 41 01.5, 0.00014
 13 23 18.45,+47 13 35.7,-0.00011
 09 07 14.79,+46 07 45.1, 0.00020
 10 23 40.52,+11 42 40.0,-0.00079
 11 02 53.30,+37 04 25.8, 0.00012
 15 16 35.68,-00 31 58.6,-0.00026
 02 06 22.71,+23 27 04.5,-0.00024
 15 29 38.90,+11 38 03.9, 0.00044
 07 45 05.23,+32 58 03.7,-0.00003
 10 48 29.98,+56 08 19.1,-0.00037
 10 22 53.37,+12 00 52.2,-0.00061
 15 41 15.12,+10 32 09.4, 0.00002
 17 04 35.72,+38 09 48.4, 0.00011
 07 46 53.07,+33 30 00.0, 0.00095
 08 55 37.03,+22 20 55.7,-0.00022
 08 43 04.83,+30 29 53.8, 0.00064
 10 14 57.72,+11 39 45.4,-0.00047
 13 27 21.94,+48 08 55.6, 0.00075
 09 49 09.07,+10 39 53.0, 0.00007
 08 00 49.90,+36 42 49.6,-0.00020
 09 56 46.95,+10 54 29.8,-0.00013
 15 32 29.45,+00 38 16.6,-0.00051
 13 04 04.11,+43 17 25.9, 0.00037
 09 14 25.80,+59 25 19.0, 0.00014
 10 49 06.47,+18 20 35.8, 0.00077
 16 41 25.23,+23 57 04.0, 0.00089
 10 59 26.70,+42 03 27.1, 0.00042
 15 31 13.57,+00 06 30.7, 0.00022
 11 59 53.55,+03 39 35.5, 0.00003
 08 06 41.07,+24 20 18.3,-0.00012
 15 21 40.09,-00 48 33.1,-0.00023
 09 03 40.16,+36 04 30.3,-0.00047
 08 47 56.90,+18 04 11.5, 0.00560
 13 11 30.18,+32 16 07.0,-0.00054
 16 29 02.98,+10 13 22.5, 0.00105
 02 30 04.91,-06 17 19.9, 0.00012
 10 18 28.87,+27 04 58.0,-0.00061
 12 03 15.05,+04 27 56.6,-0.00021
 15 25 17.75,+11 47 08.4, 0.00070
 11 32 25.09,+16 26 26.6,-0.00049
 15 34 25.78,+02 12 24.3,-0.00062
 16 29 09.85,+23 45 14.0,-0.00007
 13 00 55.16,+18 29 55.5, 0.00017
 16 15 40.00,+10 05 15.6, 0.00037
 15 22 34.79,-00 31 34.8,-0.00090
 08 08 08.92,+25 10 40.5, 0.00106
 13 04 43.08,+31 19 18.2,-0.00023
 10 39 24.82,+11 32 01.2,-0.00052
 11 36 45.97,+57 03 49.4, 0.00004
 10 55 27.67,+16 22 49.4, 0.00024
 02 36 39.64,-08 10 47.4,-0.00014
 09 22 20.33,+31 18 50.8, 0.00064
 09 33 27.63,+17 23 49.0, 0.00026
 10 37 44.77,+11 23 52.8,-0.00054
 08 53 02.58,+21 04 21.7,-0.00037
 10 34 34.77,+14 46 43.7, 0.00005
 15 25 52.72,-00 37 16.1,-0.00036
 03 53 30.29,-05 22 57.8, 0.00179
 11 39 27.53,+15 35 41.0,-0.00002
 09 22 14.18,+31 07 08.3, 0.00001
 00 38 37.72,+14 46 20.5, 0.00047
 08 08 47.11,+38 22 33.5,-0.00069
 00 40 23.77,+15 08 07.4, 0.00001
 15 30 09.58,+05 18 50.0,-0.00027
 12 43 10.79,+00 23 19.2,-0.00029
 17 10 01.79,+35 52 59.5,-0.00010
 09 52 32.03,+36 12 52.5, 0.00042
 08 09 36.74,+25 36 24.5, 0.00011
 11 01 27.08,+25 57 13.4,-0.00055
 13 03 53.64,+31 26 32.9,-0.00004
 11 55 54.12,-00 03 40.8, 0.00033
 15 06 48.75,+35 30 02.6,-0.00020
 04 05 11.92,-05 37 11.7, 0.00006
 12 11 43.02,+04 43 48.5, 0.00053
 08 12 44.06,+39 04 38.0, 0.00097
 04 05 39.34,-03 31 06.8,-0.00018
 12 15 32.43,+02 32 21.9, 0.00015
 11 43 43.71,+57 55 05.7, 0.00099
 15 23 09.81,+08 19 47.5,-0.00007
 09 58 07.44,+12 11 26.5, 0.00116
 10 20 08.83,+47 01 51.8,-0.00041
 11 27 51.61,+57 17 25.9, 0.00050
 09 20 57.89,+32 53 59.4,-0.00076
 10 41 03.82,+13 05 24.9,-0.00056
 01 14 47.13,-09 23 15.2,-0.00015
 10 30 37.98,+41 39 09.0,-0.00012
 08 26 51.32,+58 11 39.2, 0.00029
 08 12 49.56,+26 20 59.0, 0.00013
 08 12 47.78,+26 22 42.0, 0.00026
 11 05 41.24,+40 53 06.5,-0.00025
 13 25 52.25,+23 06 17.2, 0.00041
 08 48 16.35,+00 38 23.9,-0.00064
 09 24 22.43,+60 43 35.9, 0.00013
 11 47 45.58,+00 03 50.6, 0.00072
 11 31 33.70,+58 45 37.2,-0.00044
 17 09 51.81,+36 38 51.2, 0.00034
 14 25 23.97,+08 02 26.6, 0.00040
 08 40 58.71,+30 11 24.7, 0.00002
 15 32 09.10,+08 23 52.6, 0.00048
 09 51 27.72,+16 03 57.0, 0.00004
 07 57 08.12,+13 49 30.0, 0.00037
 13 28 12.10,+01 56 43.2,-0.00079
 11 50 43.87,+00 36 05.9, 0.00059
 15 32 00.73,-01 28 40.3, 0.00096
 10 33 52.22,+43 18 44.2,-0.00054
 07 53 31.72,+15 46 16.4, 0.00006
 08 17 43.67,+58 30 39.1,-0.00046
 08 14 36.22,+27 04 27.5,-0.00078
 17 19 14.85,+33 19 41.5, 0.00032
 13 04 47.88,+19 32 11.6,-0.00022
 08 46 05.17,+17 39 02.7,-0.00017
 07 53 42.56,+16 46 22.0, 0.00022
 13 39 35.95,+42 51 55.3,-0.00013
 07 52 01.78,+15 15 21.4, 0.00028
 17 11 00.81,+36 10 34.8, 0.00065
 08 20 55.08,+60 44 33.0, 0.00058
 14 41 51.14,+63 39 58.6, 0.00004
 08 00 45.39,+12 57 49.0, 0.00093
 13 26 41.90,+15 42 29.1, 0.00089
 13 14 50.94,+46 58 53.6,-0.00049
 01 16 27.90,-08 02 45.6,-0.00041
 10 58 21.40,+41 59 39.5,-0.00054
 11 45 30.44,+00 48 00.6, 0.00054
 13 14 45.59,+47 07 23.7, 0.00052
 08 18 02.47,+41 52 01.5, 0.00023
 11 51 01.34,+57 40 34.0,-0.00049
 14 39 07.51,-00 06 16.8,-0.00068
 09 48 42.86,+17 08 53.3, 0.00027
 12 00 34.49,+52 07 30.8,-0.00013
 08 03 56.51,+29 18 35.6,-0.00067
 14 38 09.78,+02 14 40.7,-0.00010
 11 47 09.39,+57 15 04.3,-0.00039
 10 47 15.79,+43 40 51.4,-0.00041
 11 50 58.73,+01 55 04.4, 0.00016
 21 04 30.92,-05 43 33.7, 0.00016
 08 27 20.24,+60 12 16.5, 0.00007
 13 27 44.75,+15 54 12.5,-0.00002
 13 22 06.80,+41 33 17.6, 0.00004
 08 23 12.13,+27 44 15.8, 0.00003
 09 22 03.56,+39 54 11.6,-0.00040
 11 12 02.18,+37 22 37.8, 0.00069
 12 14 51.55,+59 23 57.7,-0.00055
 10 13 08.23,+34 32 36.6,-0.00075
 13 19 13.98,+01 52 51.9, 0.00038
 11 52 13.55,+01 19 46.8,-0.00044
 09 34 59.35,+19 47 01.8,-0.00029
 08 17 30.75,+41 50 02.3,-0.00026
 10 31 24.62,+30 13 00.4,-0.00049
 08 00 57.36,+27 57 24.2,-0.00002
 10 03 39.44,+11 19 36.8,-0.00024
 08 29 01.98,+29 00 56.1,-0.00031
 14 10 05.74,+53 43 42.3, 0.00038
 15 18 55.58,+48 57 37.8,-0.00006
 13 51 39.11,+35 56 35.6,-0.00013
 08 31 34.14,+29 14 02.2,-0.00031
 09 37 10.72,+21 39 13.2,-0.00017
 13 45 58.51,+46 16 38.9,-0.00074
 14 38 39.64,+01 26 27.8,-0.00078
 10 09 44.99,+11 16 10.8, 0.00029
 08 34 45.17,+28 59 04.4,-0.00040
 09 35 51.22,+20 48 03.3, 0.00007
 08 42 27.87,+19 47 02.2,-0.00003
 11 41 04.35,+02 05 26.2, 0.00013
 12 35 00.76,+02 20 41.7,-0.00004
 14 09 15.48,+39 51 48.6,-0.00016
 13 35 58.70,+15 05 36.0, 0.00157
 21 09 26.42,-06 39 25.1, 0.00115
 11 52 02.12,+58 34 27.6,-0.00070
 11 10 05.11,+36 44 54.5,-0.00008
 11 02 40.17,+40 47 30.2,-0.00013
 11 08 14.85,+38 09 56.5,-0.00057
 08 06 06.02,+28 15 15.8,-0.00055
 11 44 10.13,+01 18 13.8, 0.00138
 21 10 33.72,-06 09 10.3, 0.00016
 09 22 48.09,+02 04 56.4,-0.00003
 13 23 14.50,+01 32 50.8, 0.00034
 11 17 49.66,+03 37 41.7, 0.00062
 10 29 02.72,+30 15 33.0,-0.00002
 10 09 04.19,+30 56 53.4,-0.00031
 13 31 28.93,+46 28 12.9, 0.00079
 09 36 18.77,+41 43 22.1, 0.00018
 11 49 48.81,+01 08 55.9, 0.00003
 13 42 26.92,+35 29 02.7,-0.00043
 13 46 28.04,+46 52 55.6, 0.00090
 08 33 58.26,+28 55 17.9, 0.00046
 08 20 37.35,+42 33 08.1,-0.00014
 08 18 11.01,+20 00 47.7, 0.00022
 08 34 11.88,+21 25 33.4, 0.00079
 08 33 35.59,+43 46 03.5, 0.00026
 15 08 41.76,+34 12 39.6,-0.00021
 11 53 50.87,+57 44 13.8, 0.00008
 11 04 49.59,+56 21 33.7, 0.00054
 15 09 26.22,+35 23 47.2, 0.00062
 10 12 31.04,+17 42 34.2,-0.00076
 09 21 54.81,+02 38 28.6, 0.00022
 13 16 48.00,+00 35 26.3,-0.00018
 11 01 33.68,+18 26 07.7,-0.00028
 09 21 47.97,+60 38 04.8,-0.00007
 09 39 29.20,+40 43 05.4, 0.00032
 13 37 09.29,+02 13 51.2, 0.00076
 13 45 36.94,+39 23 12.5,-0.00126
 11 37 16.36,+38 10 46.5, 0.00123
 08 28 28.70,+61 27 13.8,-0.00042
 10 11 05.71,+31 38 52.7,-0.00103
 09 24 59.69,+27 36 15.6,-0.00065
 15 13 45.87,+35 42 16.2,-0.00009
 09 37 07.10,+25 33 45.0,-0.00011
 09 22 29.15,+61 22 02.0,-0.00105
 13 25 37.90,+33 36 15.6, 0.00079
 09 46 14.77,+40 46 12.8, 0.00020
 13 28 46.26,+38 23 02.7,-0.00029
 08 08 44.85,+15 07 37.5,-0.00030
 11 09 52.80,+58 12 21.0, 0.00047
 10 43 43.71,+28 37 23.0, 0.00009
 12 06 48.80,+37 03 46.6,-0.00062
 14 16 42.36,+52 39 07.0,-0.00006
 13 48 34.98,+02 06 26.3,-0.00020
 15 26 53.97,+45 43 47.1, 0.00014
 12 58 29.75,+36 28 43.6,-0.00069
 15 15 03.40,+35 28 16.2,-0.00048
 10 10 00.64,+18 14 04.5,-0.00009
 16 19 25.49,+40 26 25.6,-0.00060
 09 19 04.40,+02 02 30.4, 0.00082
 02 11 41.94,-06 58 52.5,-0.00012
 12 03 35.83,+19 52 25.6,-0.00005
 23 19 23.84,-09 03 37.9, 0.00009
 09 37 43.63,+26 19 01.4,-0.00096
 11 59 02.35,+36 53 26.4, 0.00007
 08 53 08.14,+59 24 33.7,-0.00006
 13 26 34.45,+41 51 32.9, 0.00030
 14 45 59.54,-00 13 17.6, 0.00031
 17 15 06.21,+35 17 11.6,-0.00053
 10 14 01.26,+36 29 50.7,-0.00010
 14 36 05.07,+34 42 42.6,-0.00062
 22 00 37.52,+14 21 53.2,-0.00005
 11 35 38.11,+60 14 08.8, 0.00023
 13 49 27.72,+31 52 51.1,-0.00003
 12 05 48.02,+20 28 01.8, 0.02243
 08 34 17.39,+45 02 59.8, 0.00052
 11 58 12.97,+35 59 47.1,-0.00025
 12 31 41.88,+03 35 28.6,-0.00056
 11 36 00.14,+03 11 44.3, 0.00037
 10 42 21.98,+29 20 13.3,-0.00081
 08 48 56.18,+59 48 03.3, 0.00076
 15 27 54.35,+46 29 12.4, 0.00028
 16 46 10.20,+24 29 23.0,-0.00023
 08 50 02.64,+24 42 58.2,-0.00052
 13 07 24.70,+38 11 56.9,-0.00059
 09 12 49.66,+48 35 37.5,-0.00043
 13 52 07.64,+15 08 47.6,-0.00055
 13 13 09.15,+18 53 05.9,-0.00018
 11 32 54.47,+02 56 26.6, 0.00034
 14 47 42.97,+01 54 09.0, 0.00001
 08 55 52.87,+62 52 37.5,-0.00064
 09 52 46.81,+64 25 21.3, 0.00092
 12 33 17.85,+03 35 45.8, 0.00035
 08 41 19.90,+64 09 12.3,-0.00012
 09 15 20.08,+48 36 44.3, 0.00037
 10 15 25.86,+17 55 06.6, 0.01628
 16 31 58.96,+12 59 29.9,-0.00091
 12 34 15.82,+03 53 31.2,-0.00033
 12 54 31.99,+37 14 29.3,-0.00063
 02 23 02.11,-08 45 34.3, 0.00019
 09 56 52.82,+64 26 07.3, 0.00084
 17 19 55.35,+33 48 08.1,-0.00060
 17 00 23.75,+25 47 17.8,-0.00017
 14 51 55.24,+01 05 22.0,-0.00001
 10 37 59.96,+27 17 59.6, 0.00108
 08 54 08.68,+16 31 21.9,-0.00044
 08 20 45.69,+31 04 22.3, 0.00059
 17 15 33.62,+33 42 28.3,-0.00096
 08 12 58.52,+31 20 23.7,-0.00030
 11 19 02.13,+22 33 16.4, 0.00054
 08 24 23.35,+21 45 26.7, 0.00066
 11 26 58.84,+37 45 33.0, 0.00078
 12 34 06.40,+04 40 26.7, 0.00014
 10 22 42.51,+37 55 46.7,-0.00016
 02 17 10.66,-08 46 22.2,-0.00047
 10 34 37.33,+15 29 46.1,-0.00022
 15 31 43.22,+45 39 51.8, 0.00003
 11 31 47.46,+03 07 58.3, 0.00008
 13 56 05.40,+46 32 42.8,-0.00019
 09 34 51.73,+61 50 07.2,-0.00044
 08 41 43.96,+64 12 30.8,-0.00048
 13 35 26.73,+41 59 57.6,-0.00041
 10 33 22.29,+15 07 56.9, 0.00100
 22 09 02.43,+13 38 25.5,-0.00042
 11 58 26.94,+00 52 58.5,-0.00055
 08 08 24.44,+15 40 48.9, 0.00011
 15 36 23.57,+43 55 51.4, 0.00020
 15 46 08.83,-00 01 23.2,-0.00061
 11 19 55.85,+33 49 11.2, 0.00017
 13 32 50.19,+42 38 27.1, 0.00012
 08 17 04.55,+31 51 07.6, 0.00006
 10 27 21.06,+37 41 45.7,-0.00001
 07 57 58.09,+48 48 20.0,-0.00033
 09 03 33.36,+64 35 16.5, 0.00039
 11 03 56.64,+15 22 20.7, 0.00042
 11 15 12.99,+13 39 42.6,-0.00027
 09 39 58.69,+61 37 07.8, 0.00015
 16 17 37.42,+39 27 53.7,-0.00001
 16 14 51.29,+39 28 59.9, 0.00082
 08 18 41.03,+31 59 16.6, 0.00028
 14 03 57.63,-02 16 07.5, 0.00028
 02 15 13.03,-06 50 27.9, 0.00057
 08 59 45.94,+60 58 25.9, 0.00015
 16 26 49.72,+38 52 45.7, 0.00004
 22 50 58.94,+15 57 10.8, 0.00113
 08 59 15.49,+61 15 00.0,-0.00021
 14 02 49.71,-02 10 47.7, 0.00008
 08 10 33.94,+51 25 12.9, 0.00052
 08 01 26.29,+49 27 26.9,-0.00020
 13 31 41.13,+42 01 58.7,-0.00059
 11 38 18.94,+03 40 10.6,-0.00074
 12 11 35.35,+19 54 21.4, 0.00029
 07 50 20.43,+49 14 53.5,-0.00059
 11 57 23.77,+01 54 19.7,-0.00052
 13 57 56.51,-01 18 23.1,-0.00023
 13 56 15.00,+56 01 52.6, 0.00063
 09 06 24.99,+25 40 31.1,-0.00061
 08 15 00.10,+51 46 27.0,-0.00002
 19 33 42.73,+63 38 50.4, 0.00028
 08 21 02.05,+41 07 48.4, 0.00046
 09 11 35.42,+37 14 36.2, 0.00012
 12 13 12.40,+20 42 38.8, 0.00046
 13 46 36.09,+55 44 13.4, 0.00011
 11 44 23.53,+02 17 16.5, 0.00035
 02 20 48.31,-07 05 25.3,-0.00058
 14 12 50.97,-02 00 59.6,-0.00042
 09 31 37.44,+50 26 08.2, 0.00039
 08 44 43.76,+33 46 01.6, 0.00019
 13 33 53.33,+58 39 25.9,-0.00016
 12 04 44.13,+39 40 44.6,-0.00063
 10 50 42.87,+37 29 19.1, 0.00078
 14 00 34.05,+56 44 04.8,-0.00034
 15 45 51.49,+10 45 55.5,-0.00059
 08 09 47.74,+09 51 43.7, 0.00003
 16 22 43.14,+38 45 00.8, 0.00005
 09 51 46.75,+62 42 06.8,-0.00003
 12 43 36.51,+32 39 18.7, 0.00031
 08 11 16.06,+09 38 37.7,-0.00065
 09 20 45.44,+02 54 43.1, 0.00014
 12 43 18.63,+32 55 51.2, 0.00040
 13 15 36.80,+38 57 08.9, 0.00046
 08 08 12.25,+54 08 44.2, 0.00009
 13 27 47.28,+18 53 40.7, 0.00025
 09 15 09.60,+63 02 50.9, 0.00015
 08 49 01.50,+47 37 10.9, 0.00060
 09 44 38.50,+02 54 48.9,-0.00031
 16 18 35.02,+37 04 21.2, 0.00017
 08 10 32.70,+54 14 05.2,-0.00058
 16 35 39.22,+36 29 07.4, 0.00048
 15 46 37.17,+11 00 52.6,-0.00076
 14 01 34.91,+54 37 14.3, 0.00146
 11 44 04.24,+02 45 57.7, 0.00048
 08 56 18.22,+34 50 42.8,-0.00077
 08 59 58.88,+37 04 48.0,-0.00025
 09 36 49.79,+02 20 23.3, 0.00098
 16 35 33.18,+35 22 47.6,-0.00087
 08 11 14.16,+09 36 01.4,-0.00065
 09 23 28.68,+03 26 15.7, 0.00040
 17 25 16.00,+31 34 02.2, 0.00010
 13 59 54.72,+54 45 21.6,-0.00030
 16 21 51.74,+35 05 59.2,-0.00027
 13 51 22.01,+47 18 28.5, 0.00021
 09 29 13.97,+38 57 43.0,-0.00071
 08 24 59.66,+09 39 37.0,-0.00001
 10 06 07.17,+63 53 20.2,-0.00011
 17 27 14.03,+31 15 15.6, 0.00071
 08 19 15.62,+53 51 41.9, 0.00024
 08 34 44.59,+05 23 02.2,-0.00073
 09 16 08.98,+27 06 36.4,-0.00058
 09 22 54.62,+01 02 23.0, 0.00013
 09 15 53.58,+62 58 48.9, 0.00015
 13 53 20.21,+46 23 16.9, 0.00017
 16 18 34.01,+35 56 25.5,-0.00050
 10 38 23.11,+53 34 44.0,-0.00046
 11 20 30.83,+15 38 36.8, 0.00016
 08 57 04.77,+36 19 50.0, 0.00009
 10 13 09.47,+35 35 08.6, 0.00008
 08 21 26.38,+10 25 29.2, 0.00059
 08 29 55.86,+11 02 25.1, 0.00091
 14 14 23.50,+56 15 42.9,-0.00078
 00 50 10.72,+14 49 49.0, 0.00003
 08 22 15.71,+57 36 55.3, 0.00042
 10 06 02.65,+34 46 04.6, 0.00105
 11 05 36.94,+35 55 14.2,-0.00013
 10 14 08.83,+48 31 50.6, 0.00044
 09 01 52.74,+34 44 13.5,-0.00032
 16 57 58.72,+34 49 55.5, 0.00001
 00 11 11.13,+16 10 34.9,-0.00040
 09 39 46.56,+03 12 45.9, 0.00026
 16 19 48.58,+39 27 30.0, 0.00017
 14 10 19.59,+56 34 37.5,-0.00007
 08 25 24.79,+10 17 47.6,-0.00007
 09 48 55.14,+19 32 10.6, 0.00038
 11 49 00.34,+02 51 17.1, 0.00052
 00 48 33.56,+15 20 56.8, 0.00025
 13 01 53.78,-00 14 10.9, 0.00006
 09 25 07.82,+01 19 13.9, 0.00111
 11 41 11.40,+28 48 46.0, 0.00039
 01 54 03.99,+01 28 45.1,-0.00061
 15 32 15.90,+54 54 16.4,-0.00003
 10 51 20.60,+15 00 22.7, 0.00022
 15 58 37.50,+10 26 22.9, 0.00023
 08 43 28.05,+57 28 11.6, 0.00063
 14 08 46.46,+56 23 35.8, 0.00158
 09 58 33.90,+64 36 53.7,-0.00029
 11 43 03.05,+29 17 08.6, 0.00023
 09 28 11.88,+01 05 25.8,-0.00015
 09 45 54.56,+19 37 10.5,-0.00042
 10 14 48.52,+11 00 17.8,-0.00004
 13 11 06.11,+41 30 14.9,-0.00076
 12 45 37.49,+33 28 43.7, 0.00040
 08 59 52.30,+49 50 46.8, 0.00052
 08 19 26.20,+17 32 11.4,-0.00029
 09 07 07.69,+37 50 06.3, 0.00016
 03 43 54.59,-06 10 00.8, 0.00024
 15 28 53.71,+44 11 33.8, 0.00042
 08 25 45.29,+49 17 55.0,-0.00024
 00 24 55.50,+15 55 07.3,-0.00011
 08 15 43.77,+18 23 00.9, 0.00016
 11 54 21.70,+03 54 14.1, 0.00061
 09 18 35.71,+26 31 45.4, 0.00103
 10 30 20.92,+37 48 09.7, 0.00023
 16 56 12.61,+35 31 49.6, 0.00003
 11 51 50.61,+14 43 16.3,-0.00023
 09 09 08.80,+40 04 03.8,-0.00034
 11 10 00.87,+37 23 55.3, 0.00031
 11 36 29.83,+13 39 57.1, 0.00045
 23 42 11.26,-00 00 04.2,-0.00015
 09 29 24.13,+14 29 59.4,-0.00048
 09 37 44.86,+33 56 05.1, 0.00014